ImageName,Bicycle,Bridge,Bus,Car,Chimney,Crosswalk,Hydrant,Motorcycle,Other,Palm,Stair,Traffic Light
03000.png,0.00039357,0.00001153,0.72336435,0.27355212,0.00000320,0.00051093,0.00000393,0.00000157,0.00006967,0.00205999,0.00000472,0.00002443
03001.png,0.03885229,0.00348223,0.00103967,0.34118432,0.00543002,0.31195799,0.00079450,0.00238255,0.16778788,0.03076120,0.01373519,0.08259217
03002.png,0.00000001,0.00000013,0.00022769,0.97947311,0.00000000,0.02029643,0.00000001,0.00000010,0.00000155,0.00000021,0.00000000,0.00000080
03003.png,0.00093763,0.00038051,0.79780674,0.00269764,0.00005987,0.15460436,0.00000150,0.00000446,0.00974708,0.01272895,0.01851568,0.00251558
03004.png,0.00090844,0.00299866,0.03767223,0.12946990,0.00029550,0.02175648,0.00029450,0.00049209,0.80323088,0.00163778,0.00079780,0.00044575
03005.png,0.00001873,0.00000463,0.00040298,0.83043802,0.00000086,0.00041919,0.00000054,0.00000060,0.00050695,0.16809432,0.00000061,0.00011261
03006.png,0.00063142,0.00286099,0.00080744,0.47452956,0.00215017,0.00088536,0.00030564,0.00009381,0.36230850,0.10533392,0.00322008,0.04687316
03007.png,0.00006349,0.00001806,0.00036186,0.74920106,0.00000099,0.00039853,0.00001116,0.00002441,0.24950062,0.00036217,0.00001080,0.00004686
03008.png,0.99986631,0.00000000,0.00000005,0.00001064,0.00000000,0.00000830,0.00000000,0.00011384,0.00000056,0.00000000,0.00000031,0.00000002
03009.png,0.00001220,0.00000492,0.00000732,0.34925985,0.00010128,0.21930575,0.00000034,0.00000074,0.00005412,0.00023539,0.00004022,0.43097782
03010.png,0.00000568,0.00005726,0.99675709,0.00005710,0.00000081,0.00001534,0.00000040,0.00000133,0.00047379,0.00002303,0.00224728,0.00036091
03011.png,0.00165746,0.07009611,0.00349143,0.90545839,0.00126035,0.00819413,0.00048179,0.00080220,0.00743419,0.00034984,0.00042703,0.00034708
03012.png,0.00064771,0.00021867,0.00369562,0.90814275,0.00001128,0.01401415,0.00008877,0.00013817,0.07263940,0.00018350,0.00009705,0.00012292
03013.png,0.00093914,0.01056155,0.00109050,0.02599844,0.00107850,0.02535908,0.00113416,0.00065774,0.92648041,0.00282959,0.00115596,0.00271494
03014.png,0.00000898,0.00836818,0.00424330,0.75719005,0.00041230,0.06262064,0.00001983,0.00000213,0.16478106,0.00189484,0.00014330,0.00031532
03015.png,0.00000566,0.00046100,0.23895332,0.01075771,0.00037359,0.00000331,0.00003688,0.00000186,0.10700531,0.63962513,0.00001652,0.00275971
03016.png,0.00000000,0.00000000,0.99999225,0.00000697,0.00000000,0.00000042,0.00000000,0.00000000,0.00000001,0.00000003,0.00000001,0.00000028
03017.png,0.00002166,0.77084446,0.00073013,0.15569936,0.00030579,0.00112631,0.00001158,0.00000862,0.07089277,0.00019147,0.00001668,0.00015111
03018.png,0.00000000,0.00000000,0.00000000,0.00000000,0.00000000,1.00000000,0.00000000,0.00000000,0.00000000,0.00000000,0.00000000,0.00000000
03019.png,0.00000000,0.00000000,0.00000000,0.00000000,0.00000000,1.00000000,0.00000000,0.00000000,0.00000000,0.00000000,0.00000000,0.00000000
03020.png,0.00001896,0.00000014,0.00000124,0.00064268,0.00000007,0.99928099,0.00000002,0.00000001,0.00003217,0.00000003,0.00000026,0.00002349
03021.png,0.00000000,0.00000001,0.99999750,0.00000157,0.00000000,0.00000014,0.00000000,0.00000000,0.00000003,0.00000002,0.00000002,0.00000075
03022.png,0.00003971,0.00006764,0.00014602,0.99130172,0.00000568,0.00140432,0.00001245,0.00001395,0.00545887,0.00137228,0.00000997,0.00016735
03023.png,0.00002767,0.00010526,0.00001444,0.14556722,0.00050258,0.00007501,0.00012327,0.00001719,0.00016875,0.00183892,0.00008220,0.85147750
03024.png,0.00000147,0.00000386,0.00004685,0.99940979,0.00000015,0.00027013,0.00000036,0.00000057,0.00013607,0.00011328,0.00000027,0.00001724
03025.png,0.00019281,0.00041393,0.00450388,0.93533379,0.00002289,0.00271860,0.00003669,0.00006253,0.02520288,0.03024311,0.00074716,0.00052172
03026.png,0.00034294,0.31095582,0.09356328,0.01290645,0.00344335,0.00193069,0.00010261,0.00004833,0.57369000,0.00140606,0.00079955,0.00081088
03027.png,0.00000046,0.00000045,0.00012512,0.99981236,0.00000001,0.00004471,0.00000039,0.00000130,0.00000832,0.00000560,0.00000008,0.00000116
03028.png,0.00031631,0.00005500,0.00052746,0.65147543,0.00001805,0.06345181,0.00001288,0.00006999,0.02642336,0.25647175,0.00006242,0.00111562
03029.png,0.00000076,0.74828470,0.24905087,0.00021260,0.00000667,0.00077459,0.00000002,0.00000002,0.00164866,0.00000084,0.00001711,0.00000319
03030.png,0.00000157,0.00000000,0.00000042,0.00016759,0.00000000,0.00000352,0.99982512,0.00000038,0.00000062,0.00000000,0.00000022,0.00000058
03031.png,0.00001386,0.00004754,0.00017063,0.93994850,0.00016945,0.02765474,0.00000064,0.00000154,0.00074969,0.00090412,0.00001959,0.03031974
03032.png,0.00008366,0.00021019,0.79507893,0.00300557,0.00015510,0.00041842,0.00000271,0.00000017,0.03669381,0.16286401,0.00114358,0.00034389
03033.png,0.00001328,0.00003217,0.00059848,0.32461518,0.00000044,0.67440444,0.00000085,0.00000422,0.00003559,0.00005292,0.00000174,0.00024072
03034.png,0.00000925,0.00009320,0.00003274,0.00377215,0.00002173,0.00000836,0.00000249,0.00000056,0.00837458,0.98731709,0.00000421,0.00036370
03035.png,0.00007645,0.00060009,0.00106969,0.76973891,0.00005733,0.00122606,0.00006170,0.00002596,0.21700679,0.00885833,0.00058919,0.00068947
03036.png,0.00000788,0.09720816,0.00008971,0.08129636,0.00010838,0.00022051,0.00000258,0.00000369,0.82068032,0.00025291,0.00000443,0.00012503
03037.png,0.00072129,0.00487156,0.00050148,0.33945552,0.00880775,0.00309602,0.00022100,0.00021184,0.42202687,0.00288901,0.00091007,0.21628758
03038.png,0.00001080,0.00001063,0.00004028,0.97239470,0.00002778,0.00172230,0.00000326,0.00001542,0.00005135,0.00009954,0.00002314,0.02560082
03039.png,0.07456057,0.01363172,0.00244182,0.02937164,0.00115360,0.00138096,0.01136210,0.00075751,0.63040155,0.17923295,0.04618849,0.00951708
03040.png,0.00289660,0.01459159,0.00224056,0.01145115,0.40936098,0.00060449,0.00148624,0.00013078,0.52564675,0.01405367,0.00614352,0.01139368
03041.png,0.00000130,0.00000063,0.00087801,0.99900180,0.00000003,0.00006398,0.00000217,0.00000033,0.00002856,0.00002131,0.00000048,0.00000143
03042.png,0.00016651,0.00000867,0.00142707,0.99286950,0.00000129,0.00174840,0.00176964,0.00104921,0.00090580,0.00000187,0.00002537,0.00002670
03043.png,0.00000164,0.00006089,0.00000516,0.00026276,0.00002812,0.00000116,0.00000928,0.00000013,0.00635603,0.99293733,0.00000067,0.00033687
03044.png,0.00001916,0.00018330,0.00056980,0.00187620,0.00009870,0.00000965,0.00008100,0.00000214,0.15085290,0.73715895,0.00003092,0.10911731
03045.png,0.00002979,0.00031594,0.00753555,0.98980677,0.00000361,0.00062905,0.00000920,0.00111519,0.00026343,0.00020249,0.00002774,0.00006122
03046.png,0.00361425,0.00918553,0.00225142,0.02133814,0.00492003,0.00058565,0.01788963,0.00292143,0.15970987,0.01795393,0.02003906,0.73959106
03047.png,0.00049813,0.00028662,0.00000904,0.00265963,0.00001728,0.91641235,0.00000086,0.00000429,0.08003644,0.00000364,0.00000551,0.00006619
03048.png,0.00191859,0.00078953,0.00183141,0.50222760,0.00008852,0.32979515,0.00005526,0.00019565,0.14022952,0.00705876,0.00125698,0.01455302
03049.png,0.00020117,0.00216794,0.00081778,0.00229252,0.00073088,0.00505108,0.00013979,0.00001340,0.62223470,0.31529945,0.04979357,0.00125769
03050.png,0.00000273,0.00000084,0.00000486,0.00002388,0.00000040,0.00000009,0.97042549,0.00000003,0.02935665,0.00018369,0.00000016,0.00000125
03051.png,0.01100883,0.00948412,0.55320776,0.20303614,0.00103724,0.02815067,0.00074139,0.00197179,0.10643051,0.00185273,0.07520559,0.00787321
03052.png,0.00027130,0.00212181,0.00023985,0.00251708,0.00240171,0.00001835,0.00088370,0.00000349,0.37080383,0.46241158,0.00017551,0.15815179
03053.png,0.00019140,0.00004048,0.00642535,0.97839874,0.00000645,0.01308173,0.00009553,0.00046762,0.00044518,0.00049566,0.00004921,0.00030269
03054.png,0.00519019,0.00891820,0.01423464,0.01674947,0.01161134,0.00206764,0.00062621,0.00131208,0.23283359,0.02654366,0.67605811,0.00385483
03055.png,0.00016839,0.00010712,0.00003851,0.00667472,0.00166136,0.00196879,0.00003741,0.00000142,0.00875587,0.02674534,0.00011449,0.95372653
03056.png,0.00000017,0.00000095,0.62902474,0.36981645,0.00000004,0.00004500,0.00000044,0.00000001,0.00016467,0.00093721,0.00000172,0.00000862
03057.png,0.99996686,0.00000000,0.00000001,0.00000251,0.00000000,0.00002912,0.00000001,0.00000138,0.00000006,0.00000000,0.00000000,0.00000004
03058.png,0.99999976,0.00000000,0.00000000,0.00000015,0.00000000,0.00000001,0.00000000,0.00000007,0.00000000,0.00000000,0.00000000,0.00000000
03059.png,0.00000010,0.00000003,0.00003386,0.99991065,0.00000000,0.00003167,0.00000001,0.00000001,0.00000012,0.00000013,0.00000000,0.00002345
03060.png,0.00000100,0.00000622,0.00046366,0.68589360,0.00000119,0.00006372,0.00000098,0.00000057,0.31121969,0.00233704,0.00000033,0.00001201
03061.png,0.00000000,0.00000000,0.00000001,0.00000064,0.00000006,0.00000001,0.99999923,0.00000000,0.00000002,0.00000001,0.00000004,0.00000001
03062.png,0.00000270,0.00000011,0.00000002,0.00001723,0.00000000,0.99997687,0.00000000,0.00000002,0.00000162,0.00000078,0.00000046,0.00000014
03063.png,0.00486471,0.02182945,0.02255689,0.00754227,0.62875295,0.00252428,0.00642311,0.00504300,0.04387213,0.00589165,0.23538727,0.01531226
03064.png,0.00599132,0.00004422,0.03279665,0.94872338,0.00000578,0.00905283,0.00009004,0.00097020,0.00176613,0.00018374,0.00006977,0.00030594
03065.png,0.00000149,0.00000387,0.74496013,0.25495914,0.00000003,0.00006223,0.00000054,0.00000056,0.00000611,0.00000520,0.00000028,0.00000046
03066.png,0.00001117,0.14689848,0.00171789,0.00512616,0.00016649,0.00123726,0.00001288,0.00001699,0.84328640,0.00131747,0.00008920,0.00011964
03067.png,0.00027184,0.00288787,0.00021374,0.01211205,0.00006463,0.25378591,0.00003831,0.00006511,0.72903484,0.00125141,0.00012113,0.00015314
03068.png,0.00000004,0.00000001,0.99998546,0.00001306,0.00000000,0.00000056,0.00000000,0.00000000,0.00000001,0.00000002,0.00000003,0.00000082
03069.png,0.00795383,0.00951540,0.00039454,0.02654127,0.01045294,0.04083357,0.00021632,0.00008618,0.11973362,0.02169811,0.00148799,0.76108623
03070.png,0.00082108,0.00851102,0.00078106,0.02501792,0.03128386,0.00172047,0.00656785,0.00030079,0.12841560,0.01450576,0.35521367,0.42686087
03071.png,0.00005020,0.53103077,0.00947128,0.24069971,0.00004384,0.10906658,0.00002473,0.00001030,0.10719498,0.00018677,0.00022035,0.00200053
03072.png,0.00016490,0.00003574,0.00034526,0.15949632,0.00008479,0.00084975,0.00002065,0.00000354,0.03759965,0.79535151,0.00002710,0.00602080
03073.png,0.00033486,0.00042539,0.32204473,0.39796433,0.00001455,0.03841695,0.00000922,0.00002787,0.02266149,0.21368439,0.00231352,0.00210271
03074.png,0.00011566,0.00080960,0.00114834,0.77235639,0.00001412,0.00058108,0.00021978,0.00033989,0.22227646,0.00163354,0.00003728,0.00046778
03075.png,0.00001615,0.68933022,0.00117341,0.01870004,0.00141852,0.00062762,0.00001945,0.00001538,0.28609207,0.00212227,0.00002856,0.00045628
03076.png,0.00002452,0.00000166,0.99871445,0.00036455,0.00000030,0.00018643,0.00000018,0.00000148,0.00003157,0.00000100,0.00060014,0.00007371
03077.png,0.00002751,0.00002608,0.00075080,0.98446870,0.00000112,0.01048766,0.00000093,0.00000537,0.00168633,0.00241864,0.00000909,0.00011773
03078.png,0.00126986,0.00240750,0.00052092,0.15568462,0.00286725,0.00280685,0.00039829,0.00041518,0.05629811,0.09361382,0.00086850,0.68284911
03079.png,0.00003297,0.00000086,0.00019731,0.28941977,0.00000009,0.70997739,0.00000022,0.00000557,0.00016101,0.00011815,0.00000268,0.00008399
03080.png,0.99999344,0.00000000,0.00000000,0.00000038,0.00000000,0.00000015,0.00000002,0.00000580,0.00000001,0.00000007,0.00000000,0.00000013
03081.png,0.00011522,0.02448441,0.00048901,0.00427062,0.03728690,0.00026084,0.00046529,0.00004040,0.79053748,0.11362006,0.00050561,0.02792418
03082.png,0.00000746,0.00001083,0.00003862,0.00008558,0.00038666,0.00000394,0.98960614,0.00001988,0.00008099,0.00004452,0.00041738,0.00929806
03083.png,0.00048088,0.00086732,0.07034859,0.43663782,0.00048598,0.00551729,0.00016707,0.00005955,0.11611461,0.32172334,0.04048187,0.00711564
03084.png,0.00000589,0.89654511,0.00097135,0.07717147,0.00040973,0.00003915,0.00000440,0.00000034,0.02469313,0.00010437,0.00000240,0.00005265
03085.png,0.07193629,0.00050010,0.05079375,0.74966013,0.00012181,0.00861214,0.00049978,0.09881924,0.01398762,0.00080651,0.00057331,0.00368940
03086.png,0.01505700,0.00060126,0.00105781,0.01029432,0.00006351,0.92461026,0.00005058,0.00023309,0.00423061,0.00001553,0.04288990,0.00089613
03087.png,0.00000548,0.00004139,0.00000330,0.00023159,0.00001281,0.00000090,0.00000388,0.00000024,0.00269922,0.99666345,0.00000060,0.00033716
03088.png,0.00027582,0.00000440,0.00000431,0.00407160,0.00000134,0.99535215,0.00000008,0.00000028,0.00020825,0.00000045,0.00000608,0.00007520
03089.png,0.00265652,0.00013933,0.00375188,0.54374838,0.00003050,0.44117987,0.00003890,0.00034023,0.00172830,0.00037502,0.00046008,0.00555094
03090.png,0.00001257,0.00006571,0.99786437,0.00185852,0.00000061,0.00000164,0.00001780,0.00000693,0.00015779,0.00000416,0.00000631,0.00000349
03091.png,0.00057887,0.00127901,0.00132952,0.00397153,0.00259281,0.00002469,0.77751261,0.00145044,0.00535029,0.00373452,0.00075976,0.20141591
03092.png,0.00078505,0.00004065,0.00245713,0.98888838,0.00000407,0.00597389,0.00003687,0.00039560,0.00111204,0.00013359,0.00005143,0.00012133
03093.png,0.00079413,0.00007280,0.09574503,0.89576685,0.00000291,0.00248016,0.00001189,0.00008019,0.00322968,0.00140227,0.00021697,0.00019707
03094.png,0.00132397,0.07641265,0.01578840,0.59496480,0.00108445,0.00625248,0.00069533,0.00023608,0.18939191,0.09680393,0.00342498,0.01362098
03095.png,0.00106757,0.00370470,0.00035130,0.19392034,0.00851650,0.01857247,0.00037388,0.00016296,0.24363929,0.01726287,0.00273921,0.50968891
03096.png,0.00018367,0.00172472,0.00050000,0.81513989,0.00018996,0.00067766,0.00011919,0.00009359,0.13479201,0.04013447,0.00013471,0.00631010
03097.png,0.00000104,0.00000000,0.00000001,0.00001495,0.00000000,0.99998271,0.00000000,0.00000000,0.00000050,0.00000001,0.00000076,0.00000004
03098.png,0.00012601,0.00170897,0.30923995,0.66552275,0.00015040,0.00292426,0.00009763,0.00010781,0.01533717,0.00379932,0.00028948,0.00069626
03099.png,0.00953295,0.00207496,0.00269860,0.11694845,0.00110288,0.00208140,0.00981518,0.01218797,0.56043380,0.21371593,0.00882850,0.06057938
03100.png,0.00000130,0.00000190,0.00000790,0.00007639,0.00004386,0.00001096,0.99959028,0.00000134,0.00016049,0.00000602,0.00009531,0.00000425
03101.png,0.00712199,0.00515085,0.21718346,0.29109475,0.00020445,0.43054789,0.00056778,0.00153961,0.03383280,0.00085983,0.00427812,0.00761849
03102.png,0.00079896,0.00616937,0.00289727,0.01644635,0.00012316,0.03334355,0.00002934,0.00015279,0.93366003,0.00291183,0.00299425,0.00047305
03103.png,0.00142614,0.00075671,0.00364614,0.58194768,0.00001788,0.39957935,0.00021966,0.00174731,0.00987488,0.00021872,0.00029225,0.00027327
03104.png,0.00177642,0.00031499,0.00016272,0.00725103,0.00003527,0.90696245,0.00054244,0.00006920,0.07993776,0.00002998,0.00271295,0.00020484
03105.png,0.00030107,0.00000293,0.00037492,0.88644737,0.00000749,0.00335177,0.00000492,0.00001421,0.00047282,0.10423448,0.00002134,0.00476667
03106.png,0.99993861,0.00000054,0.00000008,0.00001976,0.00000016,0.00001242,0.00000202,0.00001702,0.00000012,0.00000170,0.00000005,0.00000751
03107.png,0.00138844,0.16195977,0.00413968,0.01440289,0.03590215,0.00524565,0.04248827,0.00080739,0.39628768,0.00510031,0.32232800,0.00994972
03108.png,0.00000113,0.00000404,0.00027193,0.99477625,0.00000092,0.00150388,0.00000024,0.00000086,0.00093843,0.00215190,0.00000067,0.00034983
03109.png,0.00050092,0.00009091,0.05322888,0.92874134,0.00000583,0.01496792,0.00007837,0.00158359,0.00044390,0.00006021,0.00006043,0.00023773
03110.png,0.00000419,0.00001186,0.00001415,0.00035734,0.00001808,0.00000206,0.00001110,0.00000012,0.00054399,0.99862385,0.00001259,0.00040065
03111.png,0.00121865,0.00798311,0.03807205,0.09953387,0.00357734,0.00239744,0.00109890,0.00080798,0.21164170,0.50599062,0.11569373,0.01198460
03112.png,0.00009558,0.00048360,0.00045465,0.96568483,0.00002363,0.00320327,0.00001408,0.00001909,0.01619853,0.00186944,0.00029592,0.01165730
03113.png,0.00000000,0.00000000,0.00000000,0.00000001,0.00000000,0.00000000,1.00000000,0.00000000,0.00000000,0.00000000,0.00000000,0.00000000
03114.png,0.00052531,0.00013800,0.72010565,0.27381247,0.00002366,0.00090726,0.00016633,0.00015287,0.00037997,0.00001038,0.00363496,0.00014311
03115.png,0.00012933,0.00002251,0.00027907,0.08570036,0.00001955,0.00003320,0.00001063,0.00000070,0.04098058,0.87031740,0.00059189,0.00191471
03116.png,0.00014707,0.00105690,0.00068875,0.87878472,0.00043164,0.00606567,0.00004229,0.00004450,0.01435978,0.02718855,0.00019362,0.07099655
03117.png,0.00000378,0.00000009,0.00000000,0.00006784,0.00000000,0.99992359,0.00000000,0.00000000,0.00000462,0.00000000,0.00000000,0.00000005
03118.png,0.00000007,0.00000005,0.00006030,0.99937344,0.00000000,0.00055748,0.00000001,0.00000008,0.00000102,0.00000052,0.00000000,0.00000701
03119.png,0.00008813,0.00083329,0.00457207,0.97585267,0.00001636,0.01337208,0.00004947,0.00018767,0.00312476,0.00139223,0.00001100,0.00050030
03120.png,0.00028961,0.58367908,0.00242699,0.00450701,0.03222765,0.00566528,0.00071570,0.00017845,0.36249247,0.00363435,0.00146741,0.00271604
03121.png,0.00002612,0.00134777,0.00011766,0.00029509,0.00022024,0.00000854,0.99395752,0.00003835,0.00345935,0.00041401,0.00000773,0.00010768
03122.png,0.00342242,0.00049388,0.00071060,0.00588928,0.00062606,0.00036019,0.56696999,0.00012651,0.20058373,0.00761457,0.14853194,0.06467085
03123.png,0.00000380,0.00000403,0.00520365,0.99447048,0.00000005,0.00021262,0.00000502,0.00000160,0.00002840,0.00006444,0.00000045,0.00000545
03124.png,0.00475286,0.01112593,0.00056293,0.09218506,0.00679202,0.02691490,0.00062617,0.00054234,0.84327286,0.00472378,0.00116437,0.00733671
03125.png,0.00000000,0.00000032,0.00000014,0.00000249,0.00000171,0.00000000,0.99999416,0.00000001,0.00000031,0.00000073,0.00000000,0.00000014
03126.png,0.00000047,0.00002166,0.00000749,0.00008263,0.00002121,0.00000040,0.99978948,0.00000197,0.00004149,0.00002331,0.00000019,0.00000971
03127.png,0.00001874,0.00027515,0.93324709,0.00106487,0.00010074,0.00007186,0.00006134,0.00000078,0.04658151,0.00007750,0.01830709,0.00019330
03128.png,0.00000065,0.00000153,0.00014640,0.97638232,0.00000009,0.02173229,0.00000004,0.00000004,0.00021492,0.00149073,0.00000004,0.00003085
03129.png,0.00000000,0.00000000,0.00000000,0.00000000,0.00000000,0.00000000,1.00000000,0.00000000,0.00000000,0.00000000,0.00000000,0.00000000
03130.png,0.00000007,0.00000001,0.98894334,0.01097447,0.00000000,0.00008151,0.00000000,0.00000000,0.00000020,0.00000002,0.00000002,0.00000035
03131.png,0.00103228,0.00055975,0.00099210,0.89502478,0.00009038,0.04260589,0.00011922,0.00031369,0.05624340,0.00167970,0.00018927,0.00114958
03132.png,0.99988002,0.00000004,0.00000005,0.00006910,0.00000001,0.00000351,0.00000062,0.00004606,0.00000009,0.00000017,0.00000002,0.00000031
03133.png,0.00001780,0.00000018,0.00000225,0.01356357,0.00000145,0.98356986,0.00000005,0.00000042,0.00003213,0.00002456,0.00000352,0.00278419
03134.png,0.51343858,0.00065916,0.01575496,0.22949474,0.00003472,0.03121380,0.00025071,0.19111882,0.00705637,0.00009706,0.00201538,0.00886572
03135.png,0.00000013,0.00000097,0.99993348,0.00004951,0.00000004,0.00000572,0.00000004,0.00000002,0.00001002,0.00000001,0.00000001,0.00000001
03136.png,0.02686445,0.00031826,0.00640792,0.09254854,0.00692060,0.00139818,0.00189392,0.14252278,0.00841206,0.00110968,0.04000663,0.67159700
03137.png,0.00000160,0.00006147,0.00007513,0.00001249,0.93667388,0.00001424,0.00000116,0.00000001,0.00042732,0.00000543,0.03772733,0.02500002
03138.png,0.00000404,0.00001778,0.99866438,0.00074780,0.00000058,0.00041530,0.00000197,0.00000778,0.00001619,0.00002431,0.00003059,0.00006936
03139.png,0.00009561,0.00001304,0.00001338,0.30129182,0.00000285,0.00070046,0.00000014,0.00000009,0.00607146,0.00043656,0.00012247,0.69125205
03140.png,0.00000333,0.00000005,0.00000004,0.00004393,0.00000000,0.99987549,0.00000001,0.00000000,0.00007668,0.00000000,0.00000029,0.00000023
03141.png,0.50300586,0.01145285,0.00126347,0.18494380,0.00106825,0.05452524,0.00059578,0.00033082,0.22704825,0.00215528,0.00703037,0.00657998
03142.png,0.00000007,0.00000547,0.00001258,0.00005569,0.00001016,0.00000010,0.99987644,0.00000087,0.00001736,0.00001009,0.00000009,0.00001110
03143.png,0.00001370,0.00005974,0.00066017,0.98725533,0.00000158,0.00265538,0.00000085,0.00000273,0.00377185,0.00549803,0.00000405,0.00007658
03144.png,0.00001376,0.00015474,0.00016767,0.00155200,0.00007081,0.00003071,0.98946130,0.00007692,0.00808753,0.00016415,0.00001248,0.00020795
03145.png,0.00159367,0.00265496,0.00170490,0.97345793,0.00001532,0.00758367,0.00003761,0.00003830,0.01185165,0.00005466,0.00004795,0.00095941
03146.png,0.00000171,0.00000437,0.00456075,0.99526942,0.00000006,0.00010095,0.00001260,0.00001525,0.00002513,0.00000354,0.00000017,0.00000604
03147.png,0.03273410,0.02920914,0.00770078,0.41193703,0.00073855,0.01519512,0.00418047,0.00408933,0.03762455,0.00634871,0.44086927,0.00937291
03148.png,0.00000000,0.00000000,0.00000000,0.00000000,0.00000000,1.00000000,0.00000000,0.00000000,0.00000000,0.00000000,0.00000000,0.00000000
03149.png,0.00002008,0.49442616,0.00063129,0.00214600,0.00017237,0.00019515,0.00000837,0.00000552,0.34513456,0.15664867,0.00007684,0.00053498
03150.png,0.00000146,0.00009784,0.98253584,0.01703540,0.00000004,0.00021718,0.00000009,0.00000019,0.00007448,0.00000940,0.00000702,0.00002105
03151.png,0.00000000,0.00000000,0.00000004,0.00000003,0.00000000,0.00000000,1.00000000,0.00000000,0.00000000,0.00000000,0.00000000,0.00000000
03152.png,0.00000017,0.00000000,0.00000000,0.00000908,0.00000000,0.99999005,0.00000000,0.00000000,0.00000052,0.00000011,0.00000000,0.00000007
03153.png,0.00183141,0.00007804,0.00536375,0.98035973,0.00000173,0.00195745,0.00001713,0.00795915,0.00200640,0.00012059,0.00013378,0.00017083
03154.png,0.00001871,0.00000089,0.00000636,0.00012075,0.00000584,0.00000336,0.00001374,0.00000173,0.00003964,0.00000310,0.00000990,0.99977601
03155.png,0.00003164,0.00026198,0.00136946,0.98952049,0.00000411,0.00774983,0.00001020,0.00001943,0.00040913,0.00021611,0.00000786,0.00039976
03156.png,0.00000003,0.99577677,0.00000161,0.00421917,0.00000000,0.00000150,0.00000000,0.00000000,0.00000086,0.00000001,0.00000000,0.00000000
03157.png,0.00000000,0.00000000,0.00000002,0.00000267,0.00000001,0.00000000,0.99999726,0.00000000,0.00000008,0.00000002,0.00000000,0.00000000
03158.png,0.00124959,0.05326616,0.25365773,0.50698024,0.01630287,0.00145756,0.00103244,0.00042310,0.06731314,0.00295051,0.08859573,0.00677084
03159.png,0.26103377,0.00003011,0.49604964,0.00324639,0.00001058,0.00185935,0.00019083,0.01840056,0.00395354,0.00003363,0.21392097,0.00127055
03160.png,0.00000002,0.00000005,0.00000401,0.00012163,0.00001076,0.00000055,0.99980474,0.00000016,0.00005618,0.00000026,0.00000037,0.00000133
03161.png,0.00016337,0.00031535,0.00044230,0.74328673,0.00017311,0.00779354,0.00016818,0.00029034,0.00506987,0.00157586,0.00020884,0.24051252
03162.png,0.00000031,0.00065453,0.82973039,0.00318317,0.00046927,0.00002624,0.00000766,0.00000043,0.15971459,0.00580639,0.00013764,0.00026932
03163.png,0.00000081,0.00008890,0.00000739,0.00007996,0.00023226,0.00000068,0.99927402,0.00000148,0.00009965,0.00013692,0.00000115,0.00007676
03164.png,0.00000006,0.00001546,0.00048810,0.23614483,0.00000174,0.00000014,0.00000088,0.00000013,0.00564676,0.75765634,0.00000045,0.00004510
03165.png,0.00021048,0.00183379,0.00001994,0.00198896,0.00011168,0.98972559,0.00000199,0.00000633,0.00584629,0.00002204,0.00005234,0.00018057
03166.png,0.00000142,0.00000144,0.00001114,0.00087439,0.00000022,0.00000028,0.00001125,0.00019716,0.00002779,0.00000032,0.00000149,0.99887311
03167.png,0.00000055,0.00000005,0.00000015,0.00002744,0.00000000,0.99997163,0.00000000,0.00000000,0.00000001,0.00000000,0.00000002,0.00000018
03168.png,0.00023703,0.00188830,0.00058856,0.03067333,0.00041962,0.00005126,0.00088284,0.00024073,0.08672605,0.86941373,0.00030617,0.00857242
03169.png,0.00009805,0.00141910,0.00006584,0.01351302,0.00536555,0.00010334,0.00038840,0.00000453,0.17009978,0.72211838,0.00049794,0.08632605
03170.png,0.03202536,0.00044293,0.00855672,0.01150153,0.01177060,0.00433701,0.00048663,0.05556705,0.00205291,0.06226602,0.02193808,0.78905511
03171.png,0.00084684,0.00002202,0.00042215,0.98246408,0.00000031,0.00113394,0.00000946,0.00001091,0.01465734,0.00037888,0.00002044,0.00003359
03172.png,0.00000027,0.00000858,0.00235234,0.99304867,0.00000121,0.00270787,0.00000002,0.00000013,0.00022327,0.00018365,0.00000171,0.00147234
03173.png,0.00000611,0.00000384,0.00030139,0.99743736,0.00000005,0.00218281,0.00000011,0.00000075,0.00001474,0.00004088,0.00000030,0.00001172
03174.png,0.00000002,0.00000027,0.00056211,0.99921274,0.00000000,0.00019075,0.00000000,0.00000001,0.00000274,0.00003071,0.00000001,0.00000065
03175.png,0.00000001,0.00000000,1.00000000,0.00000001,0.00000000,0.00000000,0.00000000,0.00000000,0.00000000,0.00000000,0.00000000,0.00000003
03176.png,0.99999821,0.00000000,0.00000000,0.00000104,0.00000000,0.00000047,0.00000000,0.00000017,0.00000000,0.00000001,0.00000000,0.00000011
03177.png,0.00037686,0.01427270,0.15358213,0.09147893,0.02169178,0.00172771,0.00172421,0.00006354,0.40549096,0.03420435,0.01118754,0.26419929
03178.png,0.00228144,0.00085372,0.00703626,0.26081523,0.00074748,0.38677710,0.00023128,0.00016539,0.31466615,0.00308834,0.00492110,0.01841651
03179.png,0.00006258,0.49556810,0.00128447,0.06910940,0.00733251,0.00125605,0.00009187,0.00003174,0.42171359,0.00189609,0.00026646,0.00138707
03180.png,0.00005299,0.00026151,0.00008844,0.00999708,0.00161985,0.00016613,0.00019476,0.00015962,0.00068947,0.25039309,0.00064781,0.73572928
03181.png,0.00000057,0.00000083,0.00024038,0.99964690,0.00000002,0.00009184,0.00000029,0.00000190,0.00000709,0.00000789,0.00000001,0.00000222
03182.png,0.00000069,0.00000000,0.00000000,0.00000571,0.00000000,0.99999332,0.00000000,0.00000000,0.00000014,0.00000001,0.00000000,0.00000011
03183.png,0.00000018,0.00000559,0.99513447,0.00468455,0.00000053,0.00009053,0.00000002,0.00000001,0.00002536,0.00003470,0.00001750,0.00000659
03184.png,0.00000067,0.99640995,0.00001431,0.00125569,0.00000565,0.00001473,0.00000005,0.00000008,0.00229473,0.00000354,0.00000014,0.00000045
03185.png,0.00000029,0.71274120,0.05453609,0.23178393,0.00000325,0.00029214,0.00000002,0.00000002,0.00063710,0.00000337,0.00000111,0.00000145
03186.png,0.00002034,0.00006364,0.00290129,0.99519253,0.00000351,0.00094240,0.00001478,0.00003380,0.00035824,0.00033300,0.00000592,0.00013061
03187.png,0.00005014,0.00000021,0.00000020,0.00032194,0.00000003,0.99960178,0.00000000,0.00000001,0.00002368,0.00000001,0.00000077,0.00000123
03188.png,0.85558516,0.00011878,0.00033898,0.00567430,0.00003382,0.00249814,0.00129621,0.01042957,0.10871821,0.00060120,0.00647938,0.00822625
03189.png,0.00000024,0.00000002,0.49750984,0.50248039,0.00000000,0.00000412,0.00000008,0.00000003,0.00000061,0.00000006,0.00000007,0.00000459
03190.png,0.00009856,0.00260175,0.00067587,0.54130340,0.00042244,0.00071869,0.00002471,0.00001444,0.44738996,0.00514699,0.00006245,0.00154073
03191.png,0.00000057,0.00000003,0.00004547,0.99968028,0.00000000,0.00022266,0.00000001,0.00000002,0.00000569,0.00004454,0.00000002,0.00000077
03192.png,0.14560883,0.00532641,0.10857834,0.54545975,0.00060673,0.02914808,0.00057804,0.08446226,0.03083027,0.00121625,0.03753435,0.01065077
03193.png,0.01084898,0.00793136,0.01306398,0.07222039,0.00206554,0.00304873,0.67491496,0.01096087,0.06872289,0.00999590,0.11758576,0.00864064
03194.png,0.00000271,0.00000944,0.00000922,0.00074591,0.00000460,0.00000095,0.00000357,0.00000042,0.00103864,0.99813139,0.00000029,0.00005296
03195.png,0.06182353,0.00004984,0.20269105,0.66351843,0.00000525,0.02963815,0.00002424,0.00588276,0.03570188,0.00001229,0.00048468,0.00016788
03196.png,0.00000007,0.00000270,0.00008201,0.99954855,0.00000001,0.00020022,0.00000000,0.00000001,0.00002111,0.00014356,0.00000004,0.00000181
03197.png,0.00131508,0.59800833,0.01154044,0.04314554,0.00497597,0.00168269,0.00155998,0.00008511,0.23609377,0.09445369,0.00262179,0.00451763
03198.png,0.00000372,0.52546597,0.00001835,0.00005237,0.00008266,0.46603936,0.00000321,0.00000014,0.00829737,0.00001625,0.00001787,0.00000277
03199.png,0.01224393,0.00693376,0.00132053,0.00061816,0.15501057,0.00467194,0.00018064,0.00005864,0.00660424,0.00011739,0.55238879,0.25985140
03200.png,0.00035350,0.00106675,0.00008257,0.00158575,0.00029239,0.00003232,0.00037569,0.00000576,0.05837885,0.93094146,0.00102070,0.00586425
03201.png,0.00037398,0.00019467,0.00019163,0.00911829,0.00115591,0.00001932,0.00146195,0.00078487,0.00081922,0.00474585,0.00020002,0.98093426
03202.png,0.01045473,0.00693713,0.00608563,0.00928754,0.00090825,0.00443174,0.51832497,0.00187118,0.06485168,0.02905507,0.34535605,0.00243596
03203.png,0.00001435,0.07836716,0.00901566,0.62267298,0.00009684,0.00221415,0.00001500,0.00000698,0.28700697,0.00038122,0.00002756,0.00018116
03204.png,0.00008062,0.03384229,0.64459646,0.00625562,0.05168547,0.00087508,0.00009444,0.00003311,0.17638302,0.00142251,0.08016126,0.00457018
03205.png,0.00000022,0.00004267,0.00503667,0.98656440,0.00000129,0.00305322,0.00000003,0.00000007,0.00043918,0.00452720,0.00000029,0.00033470
03206.png,0.00008205,0.00326830,0.00022300,0.00200944,0.00005321,0.02005574,0.00000108,0.00002614,0.97373176,0.00032727,0.00011554,0.00010648
03207.png,0.00005155,0.00021314,0.00565990,0.82723594,0.00000114,0.00613630,0.00001676,0.00032948,0.16027573,0.00002930,0.00000391,0.00004690
03208.png,0.00000330,0.00000095,0.00016301,0.99916077,0.00000001,0.00062653,0.00000003,0.00000013,0.00000403,0.00000014,0.00000007,0.00004108
03209.png,0.00137030,0.01176180,0.00242106,0.25233230,0.00458800,0.00407862,0.00710306,0.00105139,0.69352460,0.00711150,0.00119090,0.01346646
03210.png,0.00169850,0.01069035,0.00232357,0.12441880,0.00499974,0.00098320,0.00264415,0.00229424,0.66101587,0.02840044,0.01688953,0.14364168
03211.png,0.00001117,0.00000388,0.00839264,0.98755687,0.00000119,0.00074772,0.00001619,0.00010413,0.00312426,0.00002835,0.00000016,0.00001342
03212.png,0.00466167,0.04739913,0.00691607,0.03081504,0.15689333,0.00204778,0.22697748,0.00709118,0.12351290,0.00474554,0.03199268,0.35694724
03213.png,0.00010629,0.00000236,0.00000576,0.00595634,0.00000023,0.99376893,0.00000006,0.00000136,0.00001174,0.00000613,0.00000258,0.00013823
03214.png,0.00006476,0.00042297,0.00276145,0.91554546,0.00009726,0.05675735,0.00001035,0.00002865,0.00634451,0.00216579,0.00045826,0.01534322
03215.png,0.00000052,0.00000043,0.00014698,0.99978840,0.00000002,0.00003990,0.00000092,0.00000199,0.00000141,0.00001618,0.00000002,0.00000329
03216.png,0.00018009,0.80425280,0.00053373,0.00240651,0.00072853,0.00097479,0.00007596,0.00003294,0.18364826,0.00488344,0.00117564,0.00110731
03217.png,0.00050880,0.00024099,0.04122718,0.00049626,0.00015578,0.00021526,0.00003024,0.00016598,0.00994406,0.00012052,0.94549805,0.00139686
03218.png,0.02621707,0.00204088,0.00400635,0.01309772,0.00034440,0.00182476,0.00055703,0.00142648,0.32785994,0.55648601,0.05994064,0.00619880
03219.png,0.00153462,0.00016431,0.00246067,0.96675122,0.00004220,0.02201152,0.00004488,0.00141199,0.00196410,0.00014949,0.00028059,0.00318439
03220.png,0.00710809,0.01274464,0.02517288,0.00374266,0.01394529,0.00842255,0.00507135,0.00100860,0.54787010,0.00641643,0.36084661,0.00765076
03221.png,0.00005036,0.01833516,0.00140243,0.67350346,0.00055220,0.00166415,0.00001543,0.00001579,0.29775229,0.00243789,0.00006444,0.00420636
03222.png,0.00601783,0.00014530,0.00103500,0.92769456,0.00001257,0.05931057,0.00001966,0.00009300,0.00449480,0.00059810,0.00003860,0.00053999
03223.png,0.00063583,0.00002611,0.00262973,0.98828524,0.00000172,0.00546622,0.00004880,0.00152947,0.00109810,0.00004355,0.00001694,0.00021831
03224.png,0.00007168,0.00037028,0.00014149,0.00026443,0.00070193,0.00000526,0.00037700,0.00010731,0.00135901,0.00658862,0.00108432,0.98892862
03225.png,0.00000597,0.00001125,0.99792689,0.00177356,0.00000006,0.00025885,0.00000013,0.00000024,0.00001120,0.00000062,0.00000691,0.00000435
03226.png,0.00070032,0.00047495,0.00127005,0.50955331,0.00018708,0.27731431,0.00017518,0.00034615,0.07869080,0.12607905,0.00059266,0.00461613
03227.png,0.00000219,0.00000223,0.00031613,0.99863029,0.00000020,0.00087314,0.00000276,0.00000580,0.00007671,0.00000538,0.00000561,0.00007959
03228.png,0.00058652,0.00050044,0.01512538,0.01650173,0.00065874,0.00015034,0.00035804,0.00001896,0.14100018,0.82169574,0.00030981,0.00309411
03229.png,0.00000029,0.00000363,0.00033838,0.99912930,0.00000002,0.00033078,0.00000018,0.00000027,0.00002811,0.00015512,0.00000016,0.00001371
03230.png,0.00007588,0.00006428,0.00028609,0.37628537,0.00008080,0.55863279,0.00000250,0.00000238,0.00270511,0.00551621,0.00110809,0.05524045
03231.png,0.00003147,0.00020139,0.00239330,0.88643003,0.00003583,0.03720476,0.00000322,0.00000367,0.00602803,0.00925209,0.00017526,0.05824095
03232.png,0.00005013,0.00014139,0.00008083,0.46436709,0.00089512,0.00529861,0.00007965,0.00007429,0.00170727,0.00126019,0.00027519,0.52577025
03233.png,0.00000180,0.00000004,0.00000047,0.00192527,0.00001708,0.00000059,0.00000237,0.00001044,0.00000104,0.00005603,0.00000011,0.99798477
03234.png,0.00000083,0.00000178,0.00041748,0.99948585,0.00000001,0.00006802,0.00000046,0.00000041,0.00000846,0.00001448,0.00000001,0.00000223
03235.png,0.30392548,0.00013237,0.00144411,0.45178989,0.00003303,0.04188037,0.00076541,0.06751501,0.12697369,0.00025942,0.00309614,0.00218507
03236.png,0.00102553,0.00111885,0.00447482,0.98458630,0.00000892,0.00142155,0.00054309,0.00255586,0.00410816,0.00007528,0.00003954,0.00004214
03237.png,0.00050941,0.00557996,0.00526151,0.78058386,0.00077412,0.00156322,0.00019278,0.00018720,0.17262761,0.02849437,0.00221591,0.00201003
03238.png,0.02090302,0.00002494,0.00063921,0.03562791,0.00001595,0.94072777,0.00006332,0.00046962,0.00084324,0.00001351,0.00035549,0.00031605
03239.png,0.00406018,0.00327090,0.00422100,0.01472119,0.00069069,0.00037696,0.00091464,0.00053314,0.56027067,0.22403488,0.18136238,0.00554331
03240.png,0.00000084,0.00010649,0.99881077,0.00060881,0.00000009,0.00019345,0.00000003,0.00000198,0.00027402,0.00000118,0.00000094,0.00000144
03241.png,0.00005239,0.00023726,0.00128898,0.97286189,0.00001676,0.00094570,0.00000917,0.00001709,0.01958651,0.00455278,0.00007206,0.00035945
03242.png,0.00598540,0.00000436,0.00030952,0.00995866,0.00000349,0.91950476,0.00002570,0.00009117,0.00057501,0.00000819,0.06297503,0.00055869
03243.png,0.00158367,0.01337906,0.00144505,0.28689799,0.00281245,0.01184158,0.00034663,0.00013988,0.44994837,0.00384220,0.01350565,0.21425751
03244.png,0.00015558,0.00177193,0.66199696,0.00016986,0.00005754,0.00345082,0.00000088,0.00012146,0.22833121,0.00037398,0.09852504,0.00504473
03245.png,0.41042072,0.00278922,0.02212356,0.13612787,0.01339318,0.00490805,0.00317713,0.18629205,0.02147166,0.00217363,0.00808679,0.18903610
03246.png,0.00000227,0.00000938,0.00071725,0.96383286,0.00000007,0.03487170,0.00000003,0.00000017,0.00020368,0.00033683,0.00000041,0.00002541
03247.png,0.00000074,0.00000014,0.00007364,0.99987888,0.00000000,0.00003302,0.00000002,0.00000007,0.00000039,0.00000220,0.00000001,0.00001083
03248.png,0.01729771,0.00059321,0.00312930,0.22672403,0.00005292,0.63949168,0.00037800,0.00363100,0.10728735,0.00022590,0.00057733,0.00061153
03249.png,0.00322952,0.00041458,0.00003926,0.00908820,0.00013120,0.96172953,0.00003264,0.00003172,0.00779844,0.00003907,0.00842019,0.00904562
03250.png,0.00001051,0.00000621,0.00015462,0.98805523,0.00000004,0.00292993,0.00000021,0.00000051,0.00160950,0.00715861,0.00000284,0.00007180
03251.png,0.00001098,0.00006842,0.00001004,0.00109440,0.00002742,0.00000083,0.00000325,0.00000030,0.00424103,0.99411047,0.00000172,0.00043111
03252.png,0.00003622,0.00000428,0.00047408,0.99836487,0.00000010,0.00045590,0.00000295,0.00000115,0.00035056,0.00028821,0.00000242,0.00001924
03253.png,0.00021342,0.02531460,0.00057954,0.08676714,0.00055779,0.00229387,0.00008159,0.00011750,0.88145030,0.00140182,0.00017900,0.00104338
03254.png,0.00027527,0.00098308,0.00138515,0.38758349,0.00007036,0.00040463,0.00002996,0.00003095,0.41451257,0.19315180,0.00011196,0.00146073
03255.png,0.00000002,0.00000869,0.00000002,0.00000880,0.00000001,0.99997675,0.00000000,0.00000000,0.00000569,0.00000000,0.00000000,0.00000001
03256.png,0.00000126,0.00000001,0.99999177,0.00000270,0.00000002,0.00000115,0.00000000,0.00000000,0.00000003,0.00000001,0.00000295,0.00000016
03257.png,0.00243221,0.00132379,0.00374761,0.86771953,0.00044811,0.01578925,0.00011594,0.00010016,0.00264567,0.00736887,0.00100956,0.09729931
03258.png,0.00037511,0.00000111,0.00030351,0.99858987,0.00000001,0.00070770,0.00000005,0.00000087,0.00000522,0.00000224,0.00000006,0.00001424
03259.png,0.99999857,0.00000000,0.00000000,0.00000040,0.00000000,0.00000060,0.00000000,0.00000004,0.00000018,0.00000002,0.00000008,0.00000009
03260.png,0.00004649,0.31813943,0.01299029,0.66255409,0.00004503,0.00174947,0.00005021,0.00001889,0.00423718,0.00011696,0.00002019,0.00003171
03261.png,0.00000017,0.00000004,0.99999893,0.00000046,0.00000000,0.00000000,0.00000000,0.00000000,0.00000001,0.00000035,0.00000001,0.00000001
03262.png,0.00000001,0.00000013,0.00046228,0.99840939,0.00000000,0.00111955,0.00000000,0.00000000,0.00000084,0.00000741,0.00000000,0.00000033
03263.png,0.00000014,0.99518877,0.00036674,0.00015419,0.00001325,0.00000853,0.00000002,0.00000003,0.00426232,0.00000396,0.00000147,0.00000064
03264.png,0.00000400,0.00002053,0.00026133,0.99920607,0.00000022,0.00023446,0.00000540,0.00000380,0.00011170,0.00014328,0.00000257,0.00000660
03265.png,0.00001814,0.00004478,0.00012178,0.99620652,0.00000532,0.00042901,0.00001238,0.00000853,0.00225088,0.00063189,0.00000596,0.00026478
03266.png,0.00000036,0.00000152,0.00006217,0.99828905,0.00000011,0.00136808,0.00000004,0.00000008,0.00006341,0.00016809,0.00000003,0.00004706
03267.png,0.00000046,0.00024889,0.03021327,0.03798561,0.11051723,0.00119028,0.00000090,0.00000006,0.00287792,0.00027332,0.02814115,0.78855097
03268.png,1.00000000,0.00000000,0.00000000,0.00000001,0.00000000,0.00000000,0.00000000,0.00000000,0.00000000,0.00000000,0.00000000,0.00000000
03269.png,0.39332819,0.00136349,0.00532264,0.24863023,0.00169947,0.23917677,0.01402587,0.00427115,0.04338890,0.00370898,0.00119340,0.04389095
03270.png,0.00000001,0.00000002,0.00000001,0.00000037,0.00000000,0.99999917,0.00000000,0.00000000,0.00000049,0.00000000,0.00000000,0.00000000
03271.png,0.00000167,0.00000660,0.88049519,0.00024959,0.00000847,0.00000008,0.00000008,0.00000001,0.00207779,0.11715586,0.00000403,0.00000058
03272.png,0.96953678,0.00000041,0.00000023,0.00003131,0.00000003,0.03040682,0.00000001,0.00000199,0.00000004,0.00000168,0.00000006,0.00002063
03273.png,0.00008325,0.00054265,0.00016288,0.48702252,0.00004079,0.00014955,0.00000641,0.00000889,0.31908283,0.19200699,0.00000885,0.00088436
03274.png,0.99999940,0.00000000,0.00000000,0.00000040,0.00000000,0.00000002,0.00000000,0.00000012,0.00000000,0.00000000,0.00000001,0.00000007
03275.png,0.00003390,0.00257749,0.00054801,0.00024858,0.11069487,0.00010182,0.00001398,0.00000147,0.01852632,0.00273327,0.00480220,0.85971814
03276.png,0.99999988,0.00000000,0.00000000,0.00000005,0.00000000,0.00000001,0.00000000,0.00000002,0.00000000,0.00000000,0.00000002,0.00000000
03277.png,0.00013492,0.00008957,0.00764727,0.82835734,0.00000263,0.16331923,0.00000619,0.00002578,0.00024575,0.00008087,0.00002063,0.00006978
03278.png,0.00046140,0.01406482,0.00048309,0.05658845,0.03190572,0.00060514,0.00367193,0.00028649,0.20669071,0.07475738,0.00319325,0.60729158
